1301
1042
1173
987
1155
624
882
882
1769
594
1412
902
895
1806
1378
1045
1807
892
1192
1449
1179
1817
1588
538
709
1394
670
1558
1241
813
1867
1721
1933
927
608
628
1972
1738
808
1947
1962
911
1421
892
664
1929
1087
1899
776
681
664
1169
1074
1448
1700
1546
804
1583
1115
1584
691
1337
1632
900
1874
1759
1026
854
1493
843
1203
1532
540
915
1183
724
534
1720
1727
1164
1660
1137
1534
710
503
1581
1483
1445
1871
988
1508
1606
1518
1937
951
727
693
1362
792
964
881
942
882
1033
1613
1421
1171
1649
1602
1405
1806
700
1947
1198
1405
938
1105
1423
1533
1761
592
1925
1859
980
1690
1044
1066
1324
593
943
931
651
1322
1159
655
1629
1425
621
645
1434
1084
1088
1274
872
1438
739
1495
907
947
812
1015
1287
1288
860
1404
1539
1677
1142
1124
1886
1305
1067
1621
683
556
864
1613
1845
1321
1054
959
1785
1010
1638
1033
1541
1490
1227
1522
570
1904
930
1170
1714
950
715
1349
1498
1873
1669
519
1167
769
874
968
1297
1117
879
1775
1785
1429
1464
669
1987
1247
522
1150
922
533
829
1493
625
1158
1286
517
757
770
1028
1703
1255
1884
1817
1766
1329
1691
1837
1988
1413
1583
897
1481
609
915
1215
1362
1570
574
1843
1374
1963
1312
930
1181
1006
1707
722
610
1543
1316
1585
1995
1699
1879
1800
1892
1834
1045
1983
1144
975
1842
1143
592
1344
1286
1594
1382
1041
1986
1645
1156
539
1031
905
1630
1924
1707
931
778
1482
1921
1985
1311
1922
706
1459
1414
1483
1996
1511
1781
1800
1255
615
904
1743
1079
672
829
1710
809
1350
750
1064
1128
1729
1339
1160
570
1957
1082
609
1677
1199
1336
1388
1958
1649
1433
976
779
1514
808
834
1054
919
1448
1070
1876
1153
881
1974
1692
865
713
1172
1910
565
1136
1183
1554
502
525
1081
1343
1656
1719
1996
929
815
1055
978
676
1017
1253
1722
1354
928
1447
1185
1805
1711
672
1697
1150
1134
1071
1287
741
1737
1480
565
1229
1572
1429
1364
1487
1047
1827
890
1263
1633
1649
792
1134
1448
1364
710
1175
1906
680
1521
1179
1746
862
649
1350
1021
834
1269
916
1209
1964
1881
1437
878
1047
1041
965
737
1288
598
1756
599
668
1317
750
1188
1206
1447
1432
658
1334
544
737
1157
1220
824
1247
1244
1946
629
889
1461
789
1811
1699
1033
873
1842
1554
1004
1769
772
1065
1470
938
1296
1405
1432
904
514
881
997
1246
519
1184
1873
1626
602
1549
1747
978
1233
1191
1897
1798
994
1111
1336
1291
1139
1634
793
871
1025
1651
713
1088
1701
1548
903
749
1571
726
754
1159
812
720
628
1236
1600
558
1357
1760
1991
1130
1924
1402
1406
1245
1958
1093
1841
843
1721
1105
1030
595
1820
979
1380
1713
520
945
1981
1094
1374
1277
774
1581
1326
1408
596
657
1286
702
697
1806
625
1585
1422
725
1654
1672
854
1512
806
1826
1034
1581
936
1397
1780
1736
848
1151
1634
1165
1888
710
1368
943
1789
1400
1444
1886
988
1429
680
1405
634
892
1077
1685
765
1058
1441
512
1576
1994
1878
1945
1686
1955
1686
743
1691
1150
644
1292
1774
1824
1909
1443
1578
1857
1767
1295
1765
630
877
1167
1246
643
1257
1411
1149
1713
1789
1383
1855
510
1536
1379
506
1062
1882
1546
571
1898
1884
1143
1575
1233
1730
585
1515
688
1563
1300
1147
1534
1051
1504
1640
964
1612
1617
1467
1792
769
1592
1898
640
1511
903
1366
1763
1555
984
1272
651
520
979
1462
640
977
1132
686
683
842
1757
1935
1849
953
943
1794
1630
538
1597
1413
1925
1795
603
1389
1152
1257
886
1680
1766
1205
1666
577
1540
830
1338
828
863
1292
1242
1785
1833
949
629
1810
1170
1559
767
1606
1267
707
1447
1516
596
1009
601
1418
1281
1913
1708
1390
895
1731
1624
1623
650
1197
1714
1111
806
1374
818
1518
658
728
1402
1819
960
1446
787
1310
1702
1992
1575
1867
700
1067
716
1283
675
859
978
1077
935
874
955
740
756
1210
970
1109
911
1970
1484
729
851
1923
869
1620
1770
1837
819
1331
1141
1115
1809
613
1830
697
1712
1660
1016
1557
674
891
900
1305
690
1263
643
905
1942
1287
1882
1924
1966
684
773
738
1181
1019
1354
1199
1001
597
731
1504
1766
1668
1180
1578
1648
1763
1642
1667
547
552
994
1410
1327
1566
650
1356
1492
518
544
699
1209
700
1721
805
1114
718
1933
1010
1646
1682
898
1657
545
1789
1609
1045
1021
1185
1727
699
1465
1492
1810
1895
1873
1546
1226
839
1722
1697
1429
870
564
1110
1870
1376
1689
1889
1104
1959
1814
1416
1024
1225
1439
1538
1952
1374
1885
709
828
1371
1586
1401
972
1071
1798
1952
1536
1593
732
1488
996
1775
1844
1554
1230
1881
946
858
1202
663
1770
1940
1022
1703
1378
1206
1692
670
618
1789
1474
1521
1389
719
803
1921
1381
1134
530
900
1126
969
1416
1197
1234
1474
1446
630
1317
777
869
1452
895
1216
975
1592
1587
1472
1978
680
1966
854
1383
1162
1803
853
1172
577
1046
1730
909
624
611
1851
530
902
572
1164
1018
1480
680
1522
692
1074
1329
1383
888
1246
1514
956
1542
1234
1846
705
1037
1496
1820
942
593
1477
978
651
1393
1697
978
548
1430
790
546
1369
1695
1496
1657
1128
1750
518
1742
1746
998
900
1948
781
1724
556
624
1848
859
1880
1684
685
1881
1812
1192
1146
1580
947
1125
1073
1617
1487
981
1317
1808
1800
725
777
1346
1534
1532
1720
1352
872
613
978
1778
1908
1874
1926
1425
1826
1179
874
945
1799
644
1912
1340
1317
1020
1233
1876
835
1542
1279
871
767
1325
1272
915
1510
690
843
1577
1380
1179
513
626
1534
1507
1254
1522
1877
517
1518
1935
1769
1347
1644
1092
1893
1937
1498
1585
1542
824
864
1604
1443
1240
1589
511
827
1274
880
1187
838
504
1384
1894
1917
853
577
1309
1119
1336
868
1194
1287
1904
889
667
1202
1202
798
1657
898
1314
1292
1971
556
1706
1004
1648
960
1076
1656
1751
1029
688
1446
1430
1374
828
1390
889
1036
1706
1902
1484
1039
1058
1384
503
722
1525
1637
630
1125
1257
559
1561
757
1382
955
1223
1053
952
841
1831
960
699
616
1085
994
1119
1774
1017
1489
881
763
1997
1191
759
865
1850
1317
1159
656
1137
1901
1759
1147
1579
669
1596
1637
665
1660
693
1678
1031
1230
1298
1166
1158
693
1363
871
1512
1381
671
564
1746
1019
1156
907
1790
719
1402
1689
1208
1956
1714
1059
1865
1445
1675
725
1941
1369
1770
829
1017
1266
1926
897
1725
1269
1675
1762
1752
1520
917
1331
1677
992
1798
1886
1992
1131
721
1793
1840
896
1065
618
588
696
1206
1596
1481
1346
977
1289
576
1883
1572
1343
587
1555
1740
1470
1752
757
1942
1953
1687
1578
814
1980
1345
1114
1765
1512
1400
1454
900
932
1916
925
1024
1202
1157
1380
1859
819
1428
1941
780
892
1091
735
1686
1987
521
1169
1064
516
1690
1204
732
1019
566
1001
1189
1317
1747
842
1849
785
623
552
1062
1129
1254
1758
965
897
802
1730
1196
1969
816
859
1390
1569
939
841
737
1780
1398
1145
862
566
569
694
1598
562
819
1849
653
1376
1607
506
1402
1759
1184
1818
1119
1161
1536
1406
1683
1588
665
767
603
1212
1667
1715
748
693
746
1357
904
1093
664
1074
1087
845
847
1464
1130
1609
1781
1508
1345
738
743
813
1620
1109
1711
794
1790
1412
642
1582
1186
1334
1794
1892
1925
1628
1175
1454
1850
687
1347
1992
1393
1231
1845
617
503
1898
1240
1510
610
1073
1755
1792
1568
577
975
1966
869
1319
1824
1814
1079
883
1780
1368
1365
1737
1307
1671
1811
1017
1002
622
1995
1704
661
1205
1174
519
974
517
505
1858
1820
915
1692
1846
964
808
1140
502
988
544
777
1124
862
982
1146
1884
1046
1805
1200
1908
1455
1333
1115
526
1476
1751
995
1606
1293
777
1595
671
1442
862
508
1064
1319
993
1829
1621
1837
989
1396
624
644
1679
1478
1015
652
799
1393
1612
1576
951
1716
630
577
1476
874
1895
991
929
1025
689
566
1612
1482
1796
686
1351
1773
1084
1245
1436
771
1668
567
1192
1836
1763
626
1367
1477
1220
1727
1812
1253
1006
1689
1004
1952
1982
1088
1600
1271
1449
1463
1005
1491
867
1155
754
1681
587
971
1748
1683
1913
670
1809
708
1854
1176
1653
1397
1068
1996
776
602
624
1874
996
1338
1776
1726
777
1960
1024
920
1010
585
1296
1435
1069
1152
1700
1059
844
1818
1002
870
1451
1797
822
1288
1167
1465
833
638
697
1711
590
782
574
1042
1424
632
593
1107
1618
1922
1077
621
1049
1621
1847
625
1335
1137
1302
1258
517
1074
1354
706
895
1432
642
1322
643
544
569
714
1244
761
1148
773
885
1421
1883
1451
1550
1022
1302
1336
1699
1379
1031
1063
1610
1923
1708
1154
1413
826
1946
1211
1727
947
1070
1678
1688
1237
979
1387
1607
744
1686
1082
1502
1334
1325
1734
1425
1588
588
1999
1085
1872
1860
1794
1820
693
1374
651
1799
1101
1272
1484
1237
1074
1398
1185
750
1458
1861
1681
1712
707
632
1286
848
689
1146
1835
773
802
577
1633
812
1158
1400
599
962
542
1395
629
1656
1092
1803
1386
1765
1587
1375
875
605
1678
1510
1553
1711
1463
736
1353
1418
606
1296
1028
1192
1927
856
1396
687
1526
1931
1252
568
1529
1823
1590
1623
1013
1045
1057
1828
1765
1148
724
1127
955
852
1249
1506
1370
660
1378
706
934
1133
543
1817
1303
1256
1658
1141
831
1640
1828
1217
1928
1651
1599
1795
1117
807
1029
1072
1050
657
1751
1456
1102
1815
875
1224
1990
1724
1225
1194
1262
687
539
1159
730
625
1809
1412
600
1976
1807
1124
1898
1081
1358
536
1969
531
1716
603
1964
1398
1614
1403
727
1747
1333
1344
1288
1407
1382
1137
937
1043
629
1664
831
765
1200
1375
1985
1060
1583
777
851
1590
1992
711
793
689
1067
648
1696
1106
1792
677
1384
1899
1276
640
1627
1875
1918
1609
1261
1721
1609
1530
738
1307
1961
873
1870
603
661
1890
676
1042
532
1606
587
541
1538
771
1397
1335
1200
1034
651
1856
1850
1978
1798
1428
1037
1932
848
1763
1464
1608
781
705
1514
647
1203
797
901
762
898
1303
1259
768
997
1611
1468
795
1193
1035
1572
868
1400
1851
1306
1813
1771
1247
1436
818
1613
562
1917
1839
667
1084
1084
1576
1016
1984
1240
1968
1669
1298
1825
793
1715
812
829
1748
1686
971
636
1920
1080
1781
1781
825
1805
1338
1529
1508
1562
925
1448
1216
790
1175
1890
735
1144
1415
737
1011
644
1236
1031
1707
727
916
653
1461
1554
1822
1240
1938
1306
1146
1591
567
1589
1054
624
1817
786
1168
866
865
623
1168
1603
712
1664
1729
1493
1643
606
1114
1136
1172
1422
680
578
1860
1554
681
1466
1178
971
1143
1370
1903
1182
713
628
1081
1589
1569
1063
1407
1102
1414
1796
1533
1447
1682
1528
568
1100
1638
1463
1916
1102
1262
1999
854
595
1682
1489
1684
1251
1257
1265
1080
1587
732
940
1979
829
1021
1532
1420
624
964
1658
1086
1374
1308
1376
1460
1788
1396
1896
874
664
576
1838
1241
568
1700
567
613
1147
1571
1077
896
886
1668
1020
760
853
1379
1769
1825
1404
843
991
850
1065
1562
1972
1178
815
1452
655
522
601
678
1939
1810
1724
761
614
1713
1431
736
1449
880
974
1188
1597
1586
604
1866
1166
697
1699
1293
1391
1950
1250
1396
677
948
989
1674
1833
1990
847
555
1086
931
1344
948
679
1074
1556
505
822
655
1755
546
1784
659
1313
790
728
813
1960
537
560
873
1508
713
1397
864
1509
648
1456
515
796
1006
551
1702
1005
1109
1065
791
515
922
1878
1974
1833
781
759
984
1085
1569
1981
1596
1597
1708
1786
1830
1457
1367
1639
1208
1247
1536
545
736
1337
1258
1583
1033
675
1678
612
1568
687
1304
846
1424
1026
1033
539
1641
980
1301
1086
1241
560
714
1989
929
1171
1600
1442
1850
1266
1747
1014
976
724
1262
864
1553
622
849
1162
1586
779
1845
585
907
1861
1937
1822
1816
1524
679
785
1035
1524
629
1880
799
871
1476
897
883
522
1102
1303
836
1406
1260
853
1707
1062
988
1704
1468
1362
1139
1115
689
1216
1868
1649
1996
661
1531
1905
1589
773
1416
1010
787
1107
1447
610
1183
1248
1253
1343
722
1654
1072
1448
631
1003
1110
1732
1619
1074
1679
1253
1622
1061
1604
548
1024
991
1832
651
1230
1608
1991
598
878
704
1525
1502
1308
1311
801
1357
1037
1920
1651
1824
1122
974
826
1252
977
635
1382
1578
1317
714
1316
1484
540
661
1101
641
1541
1595
1774
1301
1745
1861
1336
1676
1115
528
1733
571
826
1342
1797
1972
789
1800
1569
1755
1308
1594
646
1820
502
1343
1829
742
1327
1808
1024
740
1049
560
1722
1493
1301
554
1905
828
1695
947
825
1418
1628
1196
1301
1861
888
759
1665
1247
1209
907
800
1028
821
1431
1337
1919
959
915
1511
1741
1080
961
1157
1203
1494
1535
1045
1207
537
933
1227
1887
1689
1506
1147
1531
970
1538
1699
1851
769
1553
606
1102
1005
1018
559
1933
1863
1255
945
1382
748
1564
843
801
1792
787
1754
1519
1626
1177
766
1566
675
1067
1238
786
1693
1248
637
1660
561
1708
524
769
705
1972
1296
1039
875
1399
1747
963
716
1867
1982
751
1521
521
1905
1993
1419
847
1257
872
842
1344
666
1133
1131
1388
1460
1525
1721
640
874
1522
1785
697
799
1131
1818
985
1231
701
1306
882
1618
646
1104
1474
1457
1622
1687
807
1867
1027
1901
623
1878
1938
1827
831
1937
1479
812
755
1954
1791
1295
672
761
1314
1247
1029
845
1031
1112
1443
546
991
655
616
1681
1638
1948
1973
1963
1585
1492
643
1577
1671
754
1201
1576
1686
1451
772
1679
858
1961
1615
532
1117
1293
1357
1104
592
1615
1956
1593
756
804
638
1580
1825
1443
596
779
1173
1963
1494
1930
778
624
760
705
1330
952
704
1992
592
1030
1333
1484
1604
1082
1216
948
1839
1963
1984
1639
1364
1759
1564
1842
1019
1162
1931
545
1511
548
1552
1160
1103
1824
798
619
839
793
1393
991
1875
1167
564
1229
541
609
573
1107
952
1998
1431
1717
1033
907
1798
1704
1185
1873
1890
693
1912
1223
1531
1122
866
866
1744
1101
1651
1706
1851
1389
700
1177
705
645
1008
1798
1258
1752
799
1344
1836
685
879
544
1585
795
1075
545
1032
1016
1326
752
1038
1982
938
1750
1629
1155
1953
1100
1342
1309
1068
1287
703
1035
1054
1412
1576
1502
1278
1665
1962
863
1976
1366
577
1226
1819
1371
1163
1437
1102
1372
1967
626
1543
1700
1130
1264
1093
882
786
1747
1398
1125
893
1031
872
762
656
1321
1563
1749
503
633
1420
1710
1044
1061
1475
788
1450
1559
1463
1684
1880
1910
682
803
1013
515
758
1891
1245
1367
1997
1534
1816
1668
1879
1217
657
793
541
1465
593
1470
1456
1954
613
838
1273
1066
1077
1615
913
1151
732
1367
1316
809
550
1881
1848
941
1794
619
1988
1754
1358
1126
1566
859
1250
1146
1472
935
1773
1972
588
962
1042
839
1395
649
875
1929
1098
1048
1349
1721
600
1792
774
518
1985
1759
1124
775
1764
1354
1588
670
1899
1484
1862
1481
1217
949
874
1488
514
996
880
1007
623
649
998
1735
588
815
1234
1267
1344
1417
1886
1757
1645
1892
940
1102
712
1574
1976
1775
850
1243
1672
1440
1769
1402
886
1505
1490
1533
1447
1655
523
897
833
1572
1892
1136
711
544
1366
680
1433
800
799
1486
788
1561
1042
1885
1763
1529
1442
1214
1355
976
1413
832
1069
593
1361
1225
925
1970
621
810
596
1015
1254
1966
648
850
1360
1573
1966
772
701
516
1845
1748
1532
1154
1674
1262
1264
1573
500
678
1988
1111
876
1389
555
743
1486
1960
550
1857
948
1571
1402
1889
1030
778
687
1533
1032
1334
1040
1480
740
1347
813
1938
1969
1879
1248
655
1915
1605
742
1157
1726
1795
738
1647
1956
1524
1185
691
1286
1660
590
631
1319
547
1794
1378
1907
720
1306
1684
966
738
1012
1165
819
1106
1569
1305
1828
1985
1471
1646
1561
888
1609
1243
1628
809
928
1960
581
1972
679
1765
557
1239
534
1801
928
637
1301
1099
1199
1191
779
529
743
1055
1642
1208
732
1423
1331
1669
998
805
1014
1223
1860
1086
1851
602
1194
1968
1386
1161
725
808
917
542
1695
1946
1302
1407
1041
1473
1577
1331
1883
971
1691
660
1158
1295
1736
739
931
1091
1461
947
1546
1104
1085
785
593
1592
1132
1663
1476
951
1404
1358
580
1604
658
1468
1451
1442
1642
1230
658
1115
1086
679
1356
947
1634
1924
1621
1474
793
1256
845
707
1923
1756
625
1000
568
1370
1176
1635
1371
1061
651
1642
1375
1245
1727
952
1680
772
1046
1632
893
1038
1450
1248
1400
698
649
1956
1858
1377
939
1010
1719
649
1867
1790
1001
537
876
692
1604
873
1377
523
706
1084
952
1577
548
841
1724
616
1666
814
889
1153
568
1212
919
619
702
1731
1655
1347
1299
1712
757
1444
1378
770
1714
578
861
976
1877
1507
1459
1971
1008
1682
1194
1481
1024
1995
1582
1604
1857
976
574
559
1067
1391
1944
892
1752
623
520
1231
1388
972
1170
918
1435
724
1554
982
924
1523
1964
1654
977
1822
1128
1944
532
892
1682
889
1838
755
1660
1494
1930
588
679
1996
617
682
1838
1035
792
518
711
672
1314
1426
1476
984
1617
507
1764
1728
1159
1160
942
1521
974
1905
1268
1126
1665
1030
661
1064
1777
576
1498
1876
1741
635
1117
906
1200
513
1309
1645
1360
1829
1115
593
1666
1377
1698
1366
1786
646
1993
1799
1902
1729
1515
1368
1113
996
1819
1171
1222
925
753
887
1040
906
1219
982
1982
1667
1652
1857
887
1071
1092
550
1563
1366
1348
1742
940
1172
1010
1453
1357
688
1020
1412
1530
1174
1929
1765
959
633
779
677
671
1627
1741
1527
1232
1096
1418
866
1799
1168
1249
1674
1158
1151
1470
1665
1535
1087
1894
602
1637
1854
713
1484
555
1972
1374
762
1288
808
1710
572
1842
1692
1964
1815
535
1755
1859
670
1122
1052
1694
1042
1145
987
905
1637
900
1670
949
657
1627
601
951
587
708
1386
1070
579
1948
1828
570
1252
1816
600
1977
524
880
1137
1178
524
502
1750
782
1299
1115
1565
1528
1711
1024
1434
1851
526
571
944
527
891
1347
915
634
1568
1113
881
1024
600
1000
855
1506
853
1137
1317
710
502
1201
1002
1822
1684
560
675
719
1512
654
1935
1667
850
1219
574
1241
1907
1729
1715
1917
1001
1914
947
836
788
1240
1979
1482
1761
1778
860
511
1616
679
1436
948
535
513
1565
1409
1745
637
1999
1162
513
1502
919
596
730
739
962
1513
843
1506
954
1489
563
1220
813
1454
994
814
1462
1239
958
1335
697
1388
788
1650
1424
1611
1467
1064
1506
1349
1037
1309
1724
1446
650
1455
1644
1485
832
1430
1274
1721
922
1922
1688
1856
1574
551
745
714
1845
983
1031
1566
1176
1343
1591
1671
554
1314
905
1030
838
1304
731
1647
1435
1962
1704
1169
1103
751
1474
935
904
1211
904
1708
1355
666
1664
1922
1356
1807
1905
1546
1875
1384
1514
1426
625
1567
1869
1142
963
787
757
1081
660
1877
1601
982
1190
1530
1753
1423
1379
1437
830
1531
1711
1766
1224
1098
1651
1265
920
1469
663
979
1480
1726
1358
859
1052
995
1031
668
1668
1228
1751
1808
1078
1890
672
1274
1805
762
562
1239
1624
851
596
629
1321
1719
1893
1013
536
893
1306
1806
633
1516
593
1753
1362
848
1870
1900
1197
1746
1431
1500
1394
1132
573
1189
1589
1362
1598
1305
1219
1787
513
1558
1560
786
1450
648
803
987
1357
548
1931
1450
739
1945
1348
1494
1701
1432
1464
1965
903
1563
1340
550
916
1491
1058
1005
626
1741
1568
823
1341
710
1158
880
670
1341
1602
1823
994
665
1411
1947
1375
859
1644
1259
1367
1713
1354
1243
1788
1300
1992
1948
903
1164
1710
1320
794
1112
638
1911
1363
1361
1419
1924
811
1399
1288
1744
1432
1786
1364
1001
1879
1772
1596
1591
661
1895
523
853
1093
1414
946
657
653
817
1969
1909
1444
1416
1478
1230
688
1325
968
787
863
979
1403
1578
1227
1737
1904
607
1977
878
1195
543
605
1619
1313
1268
610
864
1157
577
879
725
1280
1366
1538
1788
1356
1092
1039
1191
771
520
1945
1714
1103
1042
1593
580
1669
1269
1484
898
767
1792
739
1776
1659
936
662
1130
512
737
1918
1554
1126
1474
1325
1790
1912
1342
575
1774
1071
1591
947
717
796
1174
812
1303
1682
1824
1534
1786
904
773
1949
1915
524
1152
577
1432
1671
1551
1080
772
982
1535
1825
1149
1657
1598
1077
1050
1041
1942
1263
1958
1850
566
1746
1748
1617
1441
1684
1889
590
681
1104
904
1498
1721
893
1139
1983
1818
656
1679
950
1670
1450
1640
907
990
619
1391
1367
1297
554
1672
1311
838
1648
1356
858
1512
766
1897
829
1099
1269
1392
1838
1898
1382
608
851
1419
1868
1535
1521
1551
1364
858
1348
945
581
1029
1627
1054
1762
937
1792
1561
949
689
641
1094
1315
831
1513
1283
533
1024
1275
744
1169
1230
779
1218
1344
768
1533
1887
841
1773
1078
689
1188
1829
537
1946
1792
947
995
1259
1144
1474
1100
785
1858
551
1312
1846
1643
1547
1291
740
700
895
726
1259
981
1988
1907
1229
703
633
1027
1461
1726
691
1638
838
1407
1448
620
1799
741
1455
667
1640
1065
1729
530
901
935
749
733
1222
802
501
1500
1290
1217
604
1709
966
1398
1377
1248
1543
1227
1186
1531
1340
1679
914
1051
1160
591
510
813
1933
1012
1243
1830
1371
1417
1958
548
1898
834
1870
789
563
1244
943
1954
1624
866
1203
1120
1261
1078
1923
1115
1201
1042
764
1347
597
741
1335
1074
937
1818
1796
1315
1145
1257
1065
1526
1223
1460
1154
514
1731
1647
989
555
692
712
1213
1986
614
932
1846
765
1799
1827
641
520
1572
1633
688
1659
797
904
1548
755
988
1313
914
1468
1214
803
1561
543
813
1043
672
1201
1406
1327
1278
923
1092
1379
1627
983
836
1396
1348
983
1334
1003
1061
1493
509
1222
642
1272
911
1254
978
1972
1436
1592
728
1139
1667
1349
955
1332
746
781
959
1360
1605
526
813
1868
1619
1193
1042
1855
1394
656
1367
1052
1891
984
1532
611
1109
1432
648
507
746
1706
1079
912
1170
1783
1735
600
1236
1408
671
1444
1427
1768
1339
603
1505
838
1282
1109
1002
649
1338
1546
1379
1839
1067
939
1223
1484
1401
1266
735
1302
578
1472
1770
910
1135
753
999
839
1337
1574
1380
1384
1539
866
690
1612
1283
720
1096
682
1643
1112
1044
1042
1711
1314
544
1283
1105
676
998
625
1215
954
1607
1734
1934
1563
1813
1084
1645
1751
1321
1168
617
777
1524
722
758
1349
1038
1004
1644
1190
747
1517
1788
1987
911
649
1018
922
1107
1658
1552
1873
956
1694
1097
1772
624
1752
1147
1872
1747
642
1330
932
507
1247
1541
1771
1017
721
1935
1778
877
1408
1188
1563
1380
525
613
1362
1090
1099
1000
1316
1426
1252
892
824
595
1811
1652
1253
1655
1593
828
1999
1411
1976
1486
1970
1595
1181
1829
1995
913
1295
1171
1564
849
1690
1641
607
1778
1136
553
660
984
551
585
1144
863
1366
1042
1176
689
1750
1710
1407
1831
1884
1730
1852
1602
1430
1216
1114
1271
1912
1979
1840
821
1423
547
1506
513
1500
1666
1299
784
1339
1625
888
1775
1018
737
1548
1431
889
586
526
1028
1255
574
863
618
1006
1352
1578
1756
1543
1331
1148
863
1219
1142
1041
1172
728
1005
1618
1004
1855
1619
1376
1050
598
753
1890
1473
1518
1770
1688
1695
1679
517
1406
1432
690
1713
1214
1211
1854
1387
1056
873
1305
1071
1924
1780
1037
727
1140
590
1847
927
951
1133
767
801
1215
1029
791
1947
1106
957
761
831
1160
1849
1746
1442
903
1833
1021
1131
1938
1922
766
1859
701
1602
547
1911
1871
1306
1559
1641
528
1772
1528
682
816
1051
1405
829
1842
1307
869
1011
1302
682
1455
1426
1333
1269
1807
784
1434
1076
841
1182
1027
813
558
1595
1784
795
744
1980
932
1881
731
616
1269
1234
725
1937
1654
1545
998
1874
533
560
1511
1211
1383
1129
1850
1684
1197
892
1788
1580
1326
1376
648
1102
919
1935
1419
1279
1366
695
1028
1220
1375
1453
1908
618
817
1143
1659
1328
819
965
1738
704
887
1424
1709
1043
805
1361
1205
506
531
751
1027
990
1154
1212
856
1191
1713
1520
938
1095
1649
1608
1222
766
1457
1702
1447
1205
1806
1432
739
900
1024
569
1417
1625
1325
1507
869
1686
1774
965
1733
1677
1446
769
646
1569
923
1783
1114
1002
1916
1329
993
926
1136
1859
1788
616
587
702
954
993
1838
1949
1522
639
1067
723
524
1360
1400
953
845
620
1316
1897
1381
1029
1428
1218
588
1429
670
1770
1212
1329
1301
1592
1584
1110
1094
769
1729
1342
1998
1977
1485
1224
1367
1846
1824
974
763
693
1277
1286
879
823
508
1733
1372
1226
1326
1110
1413
977
1502
1027
1766
1263
643
1906
1584
798
1615
932
1652
674
1362
1077
1106
1466
1858
1806
1650
1813
736
657
1867
1565
1108
1910
1765
835
938
1613
1179
1779
1580
590
1862
1381
1862
1354
1160
1010
967
1147
596
1218
1163
1822
847
1543
573
1172
1031
1517
1803
661
1356
1461
1956
1883
1917
1487
1313
1320
1458
1547
1086
1244
1219
1753
1570
1567
1226
1429
1429
1884
895
1769
1269
1089
1637
1811
891
1383
1234
1951
1314
956
1811
1761
1158
1612
1510
1391
719
784
1201
1962
1896
1087
1898
534
739
1225
1886
611
576
816
1549
818
1155
1203
1149
1737
571
1872
535
1157
853
913
1248
904
1779
518
741
922
1656
562
1656
1379
1064
966
907
602
640
1634
935
786
1491
1246
1503
1370
1484
695
1759
875
760
833
1955
1420
1546
1715
1701
1867
983
1684
1488
1147
1043
1388
1217
1324
1627
1627
886
833
802
1992
1849
1464
1174
1193
882
866
1710
946
1462
515
1234
1055
1339
1955
1786
848
1405
1230
539
1664
856
1763
1860
1127
652
878
1020
881
1009
701
840
1798
585
545
1370
1822
1854
1950
1224
1612
1153
1422
1318
1822
1648
797
1475
632
1238
509
1919
1770
508
1591
1020
1654
1537
839
1946
1487
1522
1835
1064
1009
1050
641
923
1676
674
916
753
683
661
930
1218
835
1650
1289
1326
754
901
1755
1813
1343
924
1818
975
1527
1341
1959
1024
728
1760
1582
1964
1997
560
1169
1471
1842
1233
1584
917
1733
1837
1804
1765
1293
1857
828
1566
606
1381
1187
943
681
1340
1887
1875
901
1325
1624
1425
888
1728
1866
681
1390
782
642
875
1114
945
1863
754
1694
698
1912
1411
1756
970
1181
1933
1298
1095
633
1291
897
549
1671
871
1929
794
1413
1816
1024
1854
1764
1879
1033
1140
729
1138
1703
1864
1385
1865
1435
1983
1879
1263
1889
697
1784
678
1580
1018
1933
1218
1208
1123
1380
1028
1170
1694
1607
1896
1145
544
1925
1516
715
693
1985
1440
1798
1195
791
1453
1551
1056
1617
1813
864
781
829
1282
1023
1095
598
1828
1817
846
1954
945
1697
688
1689
536
647
988
1611
1574
1146
1707
1880
1880
1129
1452
859
1467
1794
1229
1568
1820
1394
799
823
1031
711
662
1849
1628
985
1902
533
1877
1724
1681
613
1579
553
1330
1640
647
776
516
654
1262
811
1403
1218
711
865
960
1026
1879
713
1081
1242
1583
1024
1891
1895
1217
1087
1337
604
780
1526
1762
1441
543
815
897
859
506
512
1861
752
1781
1411
712
1569
1252
1950
1300
714
842
590
753
696
1540
622
610
1635
833
1896
1165
897
757
1266
853
1997
1517
1334
599
1248
663
1914
647
1680
1728
1773
1246
1119
1457
1799
945
1816
1837
619
719
1775
1567
1526
1028
1908
588
855
1070
1011
613
869
789
791
1286
975
839
1546
1620
584
1132
1980
1112
1639
1069
821
1464
1596
1263
701
944
1119
1543
809
1693
564
1141
1402
1285
726
1628
535
962
1999
1961
1961
1480
1030
1436
1367
753
1247
1264
1545
1433
1739
1354
1583
1977
1863
1244
628
1708
1638
1091
1656
1975
1301
1702
1919
1605
815
1250
1731
717
838
1344
972
967
1323
718
535
1131
700
1265
1369
692
1112
1025
1297
1493
678
1216
1032
690
1344
1530
1787
710
1307
1647
537
1163
958
1065
713
1961
1631
1309
1689
972
1562
1903
1259
1001
820
608
1535
1834
1521
1301
1157
663
1794
1957
876
1392
1947
1522
701
1049
896
1874
1597
767
1502
703
1284
1690
736
636
1406
1858
1406
1469
1419
665
942
1711
1446
1764
808
808
761
1175
1339
1476
1692
1274
1204
1225
1069
827
880
977
1538
1461
818
1065
1768
641
909
921
1691
690
1160
1703
1874
840
1708
1356
1992
1492
1022
1158
1082
700
1667
892
503
1295
1955
1454
1786
1977
1192
1388
761
1802
861
1275
1213
650
1466
689
1168
1512
1347
1602
971
673
1065
1480
1536
1250
844
1036
684
981
1102
1623
1287
726
1393
518
637
1141
1590
1398
884
1332
1732
943
601
1269
1114
1049
671
1468
1529
1100
1305
1245
989
1396
518
1090
706
711
1988
1155
1447
1443
1495
1016
1783
534
1060
1741
920
1953
1410
1043
509
536
1078
1404
1844
1368
1597
1776
1236
1343
830
1222
989
1380
1768
1535
717
1809
1216
1375
1487
1784
516
1460
621
1340
723
1926
1270
1307
1729
1767
1189
791
1963
882
1471
680
812
1643
684
905
1670
1173
1555
1818
1404
1147
601
600
1433
1622
511
1939
1749
1216
1002
1753
1317
734
1313
1594
1342
1778
1432
1408
1570
676
1062
1999
859
519
806
1169
1172
1192
1708
1784
750
1840
1530
696
1600
1883
1049
1982
862
551
531
1147
1481
1910
1331
1978
1458
1013
514
1210
1247
1155
595
832
1188
1307
1996
1624
1519
712
781
1527
1198
1657
704
742
1829
874
723
945
535
933
965
1735
691
1575
1997
1735
1418
1675
1475
1700
1469
517
1348
665
1301
1843
1973
1114
1564
1500
882
1643
505
1602
1987
791
1970
1983
593
882
1967
1258
1001
1775
1333
502
1182
1195
528
1000
1703
541
542
1488
679
1888
1119
1237
521
1406
1320
719
1079
1733
597
1420
1465
1832
534
1845
1518
1300
702
1869
828
709
1286
1087
1487
622
776
641
1604
1920
1542
1657
1637
1728
1626
1817
1565
787
1301
1784
798
1394
1161
1049
1938
503
1039
1808
1690
526
755
1503
701
798
1960
681
1931
884
1363
993
1737
1185
1258
1683
1909
1193
1101
1073
1393
1597
1906
1111
1789
1959
1218
999
1983
996
1898
1477
1585
763
922
1650
1969
1358
1218
1376
911
1071
928
682
1040
1269
1197
1980
1656
1588
1665
1430
1619
722
1165
610
677
1907
701
1490
1816
906
1942
1414
523
1323
1379
1361
1547
1024
1491
1732
1031
1842
1751
1953
1632
1375
1090
1377
1609
1266
1949
1548
1083
1585
1690
1157
1758
1710
1560
1083
528
1404
1923
1075
1082
663
877
737
1017
1691
1574
1448
1748
1290
701
1307
765
635
778
1363
1992
888
1994
1636
692
1643
1985
781
771
1647
624
654
1334
1144
1102
1820
883
1935
929
806
1832
1359
908
692
546
1470
1716
1040
1392
661
1645
921
1719
711
1602
1045
845
1354
1086
1757
1360
1779
1684
1732
696
1668
918
962
1268
1154
1181
1463
1852
1733
1458
1520
1661
1332
1280
1073
586
1382
1659
1275
1592
727
968
1651
1879
1135
1466
885
1473
901
609
1662
1661
866
1085
1320
771
1178
1470
1425
1895
908
1803
1646
1874
865
1454
1286
1752
1152
1485
1520
1632
1116
934
1468
1586
1880
1136
941
1538
1026
604
510
1921
1739
1371
547
957
554
1231
1457
623
1220
1736
713
626
1719
642
872
1043
1927
1266
1204
1358
629
1572
1529
926
1200
1571
1773
1000
1535
1240
1138
1689
1443
1135
653
1198
725
831
906
594
1843
1389
1959
1986
1268
1300
1212
1773
667
1171
771
1689
980
1500
708
1016
575
1165
703
550
682
1167
602
1814
1036
927
776
1913
808
1190
1225
841
1626
1473
1430
1321
1527
1607
1708
1496
1466
1471
1072
1027
1419
1990
1912
1864
906
1835
629
1320
1332
1786
550
1288
1223
729
1965
1032
1312
588
1481
1595
983
1483
1003
852
1118
698
1775
1963
945
1736
999
1330
1550
1670
1362
1370
919
1423
899
509
1713
1067
1822
723
911
775
670
695
1030
1260
762
1844
1483
1346
1537
1741
1802
1416
1471
858
1412
1291
1218
1368
1154
1441
1943
1635
1364
1292
1153
1300
1566
1944
1020
1199
1609
954
575
823
1022
1985
661
506
574
1262
1825
890
772
527
565
895
1758
1401
582
1037
1302
1728
719
1205
775
1275
1378
937
1670
1407
1752
637
1605
708
1978
758
1158
1204
654
1412
914
1651
1145
1611
1044
1338
987
1918
1801
1067
1117
1673
798
1009
1085
1406
1733
759
1328
1496
664
795
1007
1267
1870
569
974
1059
1662
1759
1617
1937
1297
948
502
1349
1418
1398
1474
1869
1679
587
597
1987
947
1029
1759
1375
1671
1329
1588
698
691
1759
1790
626
574
1327
1789
1648
1457
817
1643
1413
1565
577
1098
1496
1562
1168
974
1608
1439
864
761
1397
1079
1295
1249
1643
1286
1327
1934
589
1663
933
1761
832
791
595
540
1870
790
785
1405
1069
917
769
1325
1477
1848
1319
1117
1372
887
606
641
623
749
1532
1097
1858
1642
718
1943
1683
1269
1790
1007
1473
871
777
1503
1032
1066
1422
1009
1340
1141
1799
813
737
1564
1414
1715
1714
641
1933
1197
1506
1801
797
737
1739
1365
1148
1220
596
1522
1358
781
1328
941
1860
545
551
1003
1751
692
1474
1467
1592
1004
1322
1645
1591
1133
1188
1781
1475
1509
979
1302
765
1368
1816
600
1642
1157
968
907
574
1869
1372
1533
1567
1740
1019
934
904
828
1419
873
1079
1279
542
852
762
1780
1397
1198
1135
900
1344
1676
1010
1085
1035
1224
686
1762
692
1071
613
1165
648
517
525
1930
1071
725
522
1412
1968
1356
1101
1277
500
648
1390
1894
1865
709
1488
1883
860
1212
559
553
1137
1909
1175
1723
1859
1269
840
1461
1910
600
1842
1992
1562
994
1607
1745
813
1802
1312
1605
706
722
1662
876
1557
925
934
1358
616
1829
809
577
1314
1595
1284
1674
1956
1944
1903
1673
594
844
795
869
849
845
609
725
650
603
893
642
661
1106
813
1011
1102
1507
1937
776
1520
742
715
860
1646
1421
1996
719
1371
697
647
632
1776
1275
622
810
854
1139
1902
1115
607
631
1983
511
782
761
1596
1816
1284
573
1307
534
1048
1521
1816
1607
746
1949
1010
1805
1140
1935
1569
1031
1513
1273
1386
1499
1090
1492
1289
1580
554
1003
1882
775
1767
851
967
1274
1185
500
1878
1572
1571
843
1494
1647
665
1263
1309
864
1226
772
1799
1798
663
1504
1968
1813
1411
1656
1956
1825
1454
534
830
981
729
1899
574
619
521
905
1311
1473
1308
548
1991
1448
1097
977
1140
1673
1219
1421
903
1022
896
1856
1158
1349
1600
632
810
1438
963
1485
829
1622
1790
1709
1985
1643
936
1812
902
1944
1231
911
1998
1327
1500
532
1958
1474
1433
1209
1499
1513
1866
1310
1389
1979
1603
664
848
560
1386
841
1168
1664
1389
1279
1689
943
643
1469
1644
1681
1779
1281
679
1115
925
1303
1110
1326
1253
1201
1322
1894
1605
1072
1840
1326
1959
1665
820
664
1210
1336
1384
1967
1453
503
909
1579
1228
903
1065
654
1287
1467
1998
1921
1446
1953
1524
516
548
1497
1419
698
585
856
1746
1451
1410
670
1077
646
1615
1669
1410
1621
1969
1998
939
1945
607
837
796
1286
1166
841
1814
1242
1073
1858
899
1321
614
1107
763
868
518
592
1744
1618
982
1749
1775
598
558
1407
1758
606
1863
1071
1271
1669
1183
1566
1739
641
906
785
902
751
1996
1382
1258
718
1850
567
710
1695
1998
1615
1153
564
916
1901
1498
950
1364
749
1396
1174
792
693
1577
825
1380
807
1165
1454
869
1885
1223
604
1698
1328
1342
1944
1509
1039
1472
1497
1356
541
1543
1731
1850
829
951
799
562
546
699
526
568
674
1631
821
797
1310
1477
657
956
803
1678
1455
737
1646
1986
1941
813
1236
707
1911
1584
1323
1860
550
1252
1382
1487
1796
1587
759
1577
667
746
1983
878
1842
1352
1934
746
523
1432
1018
913
1244
1894
503
1778
1249
582
1829
671
511
1518
681
1576
1752
1765
1091
929
620
1849
872
1183
771
1733
637
742
726
663
1580
1786
832
1473
1815
637
1912
1249
581
999
1494
1074
1548
581
752
1285
1359
1192
1447
1699
1080
814
1460
1785
848
1015
834
1255
653
1422
1715
1120
1533
783
1531
1210
1812
1250
1389
992
662
531
1469
1334
1615
758
688
589
1460
1075
1167
1794
1710
732
855
1938
1494
514
1870
1792
844
532
1326
1862
921
1530
1467
1175
833
650
1820
881
1217
1977
1694
1812
947
1676
1916
1853
502
1900
538
1388
1127
728
1070
1547
1909
1225
1109
723
932
630
1244
809
841
1061
1094
1759
1693
1563
703
1689
1661
1510
955
1321
544
1640
523
1929
1636
726
596
1441
1005
1658
1341
1888
1539
749
1478
1126
665
1915
1264
1728
1495
1050
1326
513
987
995
956
1466
836
1351
934
762
1470
1842
1131
897
1970
1400
1431
1080
841
1934
620
650
530
1957
1030
1753
1707
1727
711
857
672
629
1493
509
1714
576
1454
984
1202
1767
720
1882
1594
690
564
1724
1174
571
1723
534
1376
990
673
758
1740
1605
931
1830
689
1182
1721
1230
915
753
1797
1310
1670
850
976
1433
1363
653
578
1717
1417
791
1856
1108
602
1421
988
886
716
1864
1033
691
1339
1396
1975
1686
1198
1359
1931
534
521
1511
1333
1936
557
980
548
1871
1901
941
1837
1163
1035
1435
1231
903
1072
1007
1054
1594
1580
1913
1954
1476
974
913
521
1694
836
615
947
1746
1935
857
1557
1937
754
796
1919
1839
1004
1468
1221
1504
1430
1947
1306
1988
1599
1647
772
842
1499
1777
1795
1562
1729
1591
536
862
1819
570
1783
1833
1767
1334
716
1254
957
782
1824
950
1773
1806
826
1131
960
1522
712
1135
1615
776
1667
1696
1752
675
671
1941
1684
1769
1863
1458
1024
909
1348
1013
1504
1067
1721
1815
1082
869
889
1826
716
1992
609
660
1264
1287
1027
1320
1478
1092
1282
632
1478
1610
1814
1346
1458
970
1263
821
1514
628
1380
1564
1278
816
779
1857
1104
1031
1134
1500
1687
1154
1892
1616
976
567
1256
1275
903
1118
887
650
1576
1984
697
1636
1394
1365
1264
1478
579
976
1905
1165
511
1389
552
613
1279
1606
796
1302
622
1796
1004
574
1815
520
934
986
1731
1284
1133
1866
1212
1603
1277
1593
1939
1003
1113
1344
990
1819
1503
1489
1215
664
1591
1502
1271
1808
1344
1764
872
1315
525
1186
1704
1357
1400
1968
1930
646
1161
994
1504
1738
1402
1532
1555
1605
1150
1711
1684
1842
1130
1695
1344
1624
1382
508
1407
1805
1529
682
1465
1477
1839
777
1497
702
1212
505
1662
616
702
1041
807
1250
943
1268
954
1184
997
1431
1678
1929
1414
924
1136
821
707
1015
1991
1393
1739
1819
1029
1940
1732
1307
761
878
1989
575
1671
1241
1946
674
1306
1827
1723
1881
751
758
1042
1729
1923
1421
986
514
1059
1926
1539
583
738
986
668
1545
785
1858
1386
686
1725
828
1904
1414
753
1297
1921
1507
1071
1252
1172
1641
1812
1774
650
1692
693
609
1252
1131
1755
1380
1886
1319
600
1131
1293
1541
1976
1181
1763
1721
776
1878
1832
1906
1478
1928
1438
1059
1356
684
570
1064
1691
1155
901
1870
1758
1082
1363
1858
1889
1216
597
559
532
1383
1619
1271
634
1321
992
1147
1789
1567
569
1117
1827
1788
1467
731
1592
665
1393
1450
1838
1245
1357
1908
873
892
1978
1538
1053
1708
1955
1376
861
644
1406
1010
963
1469
1253
1524
1172
1277
1029
664
576
614
1804
1765
1887
1096
1218
532
556
795
1429
1339
1188
1702
1152
1817
535
1880
1668
1271
1991
921
919
775
1205
1397
630
1669
1875
1442
1622
1053
1274
1591
583
685
1973
1685
1870
860
1644
707
1253
1215
1456
1168
615
1188
1248
597
750
1104
782
587
1601
780
913
1970
849
614
984
1822
1595
597
644
1973
1720
1679
945
999
976
1521
891
1408
961
1190
1503
787
1803
1266
1698
1040
1171
1195
1040
509
1358
607
1671
1096
1492
735
1888
1024
1779
1852
1389
1154
1435
742
1103
1682
1575
1455
645
1634
1047
1345
663
1112
1934
1855
1049
1229
750
1931
1563
524
1782
502
1129
1612
1084
1256
573
1715
1721
1605
881
948
1052
910
505
1557
1001
552
1648
779
817
1708
1058
609
872
921
1044
1645
1393
1978
1721
1147
1763
1123
1485
1731
1102
937
1704
857
1039
1286
1610
1175
1367
601
1523
945
1988
855
1569
513
1788
826
1718
504
1606
1656
1873
890
536
1901
1216
1080
1925
973
1486
1521
565
528
1890
1224
1259
1179
1043
1642
1715
1755
1686
845
1376
971
1470
1927
741
859
1590
980
863
1432
1390
514
1048
897
1123
528
1193
644
1009
1397
1784
1368
605
1367
506
894
1275
699
859
683
895
1073
1139
764
1007
816
717
915
1131
576
939
1228
1904
516
1960
1573
1396
1641
1935
1096
1600
1944
1095
1643
734
560
748
668
796
949
1116
1353
1228
670
1055
1898
1959
1460
1173
1562
1219
1283
915
1937
854
1525
1361
1787
670
1270
1623
1490
1155
1363
744
1715
900
1242
583
1658
1041
1190
1310
749
1013
1553
1075
804
1832
1411
787
827
829
1139
1232
1177
1240
1666
533
1227
1555
1896
603
1883
948
1236
1161
1547
1184
1541
942
1784
764
524
1797
1913
1088
1424
1196
1551
724
1822
1464
1041
1679
1412
1969
1040
787
1593
1071
1568
1216
1188
1264
1722
693
699
1872
1410
1127
1548
561
1739
1164
1290
1209
1941
1062
1773
1275
1815
759
1758
1771
1696
511
1375
719
1835
1078
1305
1903
812
1791
1001
1721
1673
1160
1124
1085
990
1959
1814
965
1946
831
582
952
957
795
1601
872
1310
999
1996
1942
790
1992
515
518
858
561
701
1277
603
1772
1393
1991
1254
1085
638
679
687
1505
1102
1810
1770
1344
1535
1749
823
1718
1283
1190
1660
891
932
819
1276
1900
1205
1372
884
1139
574
958
1208
1302
897
1140
1994
1141
920
632
761
1848
1277
1362
918
1915
1452
927
935
1327
1223
891
1386
555
1077
1307
1581
921
873
694
1457
1785
1542
933
1819
1456
677
1087
1042
1149
881
1935
835
1632
1258
833
1018
1350
801
1250
1924
852
1160
909
698
1818
1795
1580
901
1651
600
578
1562
677
715
1872
1649
1599
1515
1821
1503
1971
1795
1485
1963
1436
1995
732
1003
1599
994
702
857
1804
1546
1678
944
716
1176
1852
1004
827
1649
1273
1650
1340
1156
1316
1805
1425
1942
733
1634
503
1252
1813
896
1774
545
1892
552
1416
1940
725
1607
1845
746
1027
1670
1638
909
1960
1008
1001
1730
1146
1795
537
627
1812
1592
1706
1650
1044
1737
1376
1341
764
1108
1734
1373
1391
1316
767
1097
966
1915
1413
1835
1931
1289
876
1029
1315
1976
755
1653
708
1856
1450
1055
1017
824
1928
1251
1616
1188
740
1996
1481
1635
1751
1536
1698
1117
896
1681
541
739
528
773
1361
1629
833
1058
1154
1218
1439
1267
1913
1392
797
555
1129
1346
1725
1784
1918
1496
934
991
1386
1480
1319
1349
962
1974
965
1789
1429
1269
1622
1851
793
1069
658
1779
1382
1655
1429
1704
1277
892
1668
676
1242
1468
1962
742
1287
1785
1850
734
1822
1437
1685
1774
1912
827
1497
1769
888
833
1796
1791
560
1581
1588
1311
611
691
1256
1645
1483
1935
634
1920
1211
1661
1209
974
651
1215
965
1690
1297
923
706
1833
1121
1682
1413
1636
1685
641
791
1524
1568
1611
570
1817
908
571
1697
900
1943
1195
1107
740
633
974
1729
1811
1244
1451
1058
1351
831
841
1496
1259
589
1625
1817
751
1608
1142
1720
1834
808
965
576
794
1414
514
1411
528
1668
720
1447
1728
924
1334
724
1507
1117
1117
1795
807
1967
1231
1446
1031
1162
1432
1733
1690
1363
1653
1091
692
1359
868
1657
1341
1525
1245
1532
758
1433
605
1457
875
523
1756
521
502
1509
688
600
1987
673
1949
885
1980
561
1864
1355
1152
1269
973
1690
1197
905
1085
1022
1454
1444
791
1948
1618
1661
1394
1181
1158
931
874
1414
1752
1156
1112
1785
754
668
1107
1141
1378
850
1534
1397
683
1269
1530
1348
588
1126
1176
692
1758
1412
1295
1751
1660
517
1183
1462
1406
798
1456
1313
531
1409
1319
650
1382
707
1551
782
1656
795
1239
1453
573
718
810
1136
1626
1007
1275
592
1041
1963
1881
1508
1043
998
1859
772
1816
1790
1066
1055
1545
931
1393
937
1607
502
1422
1645
596
510
1886
726
1250
996
1513
699
1414
1514
1689
537
1931
1091
1519
1314
1652
1829
1352
865
638
1186
1273
1145
1879
711
1080
840
1103
670
1083
1988
1990
725
1357
1375
1945
1492
746
1327
1958
1201
1610
1966
1584
645
1385
1632
999
630
832
1175
863
634
884
1249
1422
1879
533
1141
623
929
1525
1939
1103
1604
1276
1565
797
1972
622
626
1954
1521
504
548
1684
1574
1765
1067
1048
780
1751
1472
1442
1190
1221
1345
914
988
1338
596
1685
1034
1791
542
645
1567
1488
1992
1874
1443
1074
1903
659
708
686
898
1705
1421
1408
647
669
742
1002
1939
1124
627
819
797
1383
1466
1712
657
1095
1321
1447
640
1240
761
1356
1984
1598
1423
965
1603
1342
1310
737
1818
780
1262
1685
1676
973
1218
820
1833
617
1104
613
1158
679
1094
1729
1059
1164
1615
1661
1089
1209
964
624
754
1159
1842
1027
1603
1775
1709
720
1630
1758
946
1383
1447
986
1799
526
1786
760
1399
904
1596
663
1815
1290
1492
1968
1472
742
1160
1794
1952
592
1154
1563
1437
1886
1000
1849
1441
650
1363
1436
1631
818
733
1607
1205
944
1851
1520
1819
1821
1621
1236
874
567
988
1755
1856
1707
588
1386
1996
818
584
1888
1419
1216
872
1944
750
1631
989
1513
1023
1427
831
908
1468
740
951
777
1572
637
1618
725
1815
647
552
1407
1666
1758
997
688
591
1261
666
1447
962
1327
1988
737
1492
568
1154
866
1827
562
1847
931
1010
1491
1273
1439
821
1776
865
866
1384
1706
1508
1852
1775
1618
1070
1323
763
535
802
1400
1797
649
592
1572
1878
967
1392
673
789
1604
791
1996
828
726
573
1597
1406
1389
1937
1236
1838
922
1241
1283
771
1403
969
1466
1364
517
807
1042
1866
1073
1345
1913
876
960
755
1322
904
814
1290
1550
1297
1270
638
1134
562
926
1339
1539
1595
789
551
1229
1015
1906
889
1286
961
1608
1938
1841
1868
971
1689
1044
738
1298
1843
719
998
964
1356
937
1435
832
1811
962
947
539
1371
1000
1763
935
616
797
1740
1615
908
1316
934
1492
505
1203
709
1893
652
1915
1422
1997
564
601
1744
968
1452
1658
1354
1651
596
1357
672
1256
1069
1640
1898
735
923
1622
924
1185
1271
699
1367
632
1255
1552
1869
1387
780
1801
1411
1449
553
1821
505
1213
593
654
1032
1048
1778
1811
684
781
1019
1422
1393
1694
1191
1682
1149
1379
1175
1552
1605
1212
1869
1370
1402
1483
1286
1735
992
1811
1301
1422
1082
1282
1408
1188
1257
844
1337
1201
880
1033
1337
1800
1204
1010
1461
1400
1525
1413
1939
1949
1319
1667
1996
1201
501
899
1229
942
1434
736
705
1939
1441
1642
596
579
1047
1732
881
750
1110
1017
1833
1045
596
615
883
1546
1324
761
1401
868
1512
719
1385
1745
593
1185
1059
660
1667
649
1711
1454
1960
1017
1997
1164
1230
958
1918
1037
502
1060
597
735
1835
1496
1267
1615
1097
1800
1869
698
1197
1846
1818
1005
1125
710
818
915
1438
980
1009
1877
1064
1638
1005
1957
1434
1182
1359
1460
1659
1473
1589
685
971
899
1336
1128
958
1007
1811
1165
1465
638
1663
1146
736
1463
740
1330
950
1333
1576
541
1240
505
1833
1048
825
612
759
552
1575
1719
1422
1584
606
631
776
840
1226
1680
1041
1824
1194
847
1164
1920
1340
700
681
1885
519
1149
1161
1307
1329
838
761
1919
1484
1531
1013
1265
1300
1534
1827
1221
1825
1015
1891
1853
1434
916
925
984
1327
1288
982
640
1765
1086
1492
1127
1739
1490
1715
682
1322
1985
1780
935
1876
1661
1929
686
1134
804
1500
1483
1765
1796
895
1069
1945
1905
958
687
1466
778
1346
632
696
1091
999
769
1092
1997
1485
823
1478
1260
794
711
1377
1158
689
1396
578
1283
1327
768
1782
1688
950
774
1834
1077
1975
1955
1478
1850
965
1407
1215
1827
1250
1261
1756
936
1640
1083
937
1898
1531
1061
1396
1203
1099
1882
1974
579
1342
985
1681
815
1139
1996
734
1579
1659
829
1328
1572
1731
1277
1064
861
1813
563
753
1311
1679
1667
830
1198
795
952
1196
1074
1707
1269
1052
804
1276
866
1724
1514
613
1079
1585
786
1401
1232
853
1972
878
1543
625
1594
995
1987
1295
1194
1278
695
1445
577
1498
1822
1519
1174
1958
596
575
957
1269
1625
681
1394
1411
1903
1248
1065
860
739
643
1686
660
1343
1819
1999
1865
1663
804
1983
864
822
1647
1746
1850
1339
1301
748
1413
1091
1617
1166
911
1705
1238
1769
721
675
1743
853
1468
801
1608
1246
898
1928
1806
547
842
1950
1553
1485
1861
1408
1302
681
1061
1683
1873
1388
1474
732
1731
1925
734
867
909
1416
677
525
1316
1417
1692
1158
788
1889
1768
1932
1819
1033
772
1484
839
1634
1056
963
1730
1255
913
991
1701
1168
1193
657
738
1018
1076
1311
731
1823
637
1434
510
659
1469
1202
539
1970
515
1306
1187
541
1295
874
940
1724
548
1973
1749
1303
1469
1765
910
733
1496
1482
1003
1393
1384
710
1672
1533
614
1814
1665
1870
1569
782
820
1513
1366
1297
1577
1939
1404
1237
1313
1424
1748
1613
875
1456
818
1416
1768
1016
1984
1478
666
1943
919
1272
1712
1911
1556
1848
1385
1865
1335
594
808
1827
789
1443
1782
725
1572
1189
1737
739
783
1970
1532
1771
1614
1841
526
1385
661
1436
1135
1340
902
1306
1638
1200
781
1539
1347
1692
1982
1792
506
1600
1050
1429
1072
1231
515
1561
1680
1216
576
1669
617
1893
1298
1652
1949
1671
1155
1395
859
1631
1048
750
1925
1952
1738
1889
1770
1367
942
871
596
695
983
1080
1208
756
1947
1453
1309
871
889
880
610
758
1772
1250
744
1318
1833
1098
804
1036
979
1522
1967
825
1902
1250
1058
1531
1391
1523
987
1755
680
1192
1538
1593
1513
1226
853
941
949
1632
1845
1716
808
550
520
1603
528
1003
835
673
828
1343
1508
944
1097
1182
1022
782
1274
1435
734
864
1877
564
692
984
1515
1367
990
855
851
1862
1318
874
1715
593
1517
665
970
1360
1298
1761
1286
917
1362
1579
1121
1048
1567
1844
649
1743
1351
1545
759
1790
857
1161
1958
648
762
1039
1546
1947
1219
613
820
1980
1070
1478
1255
1618
1501
1094
1916
1802
1133
855
638
612
927
1082
1440
1918
1642
890
1756
833
566
1313
557
1623
1192
1049
771
667
580
1339
1198
644
1222
989
876
1666
810
1229
1167
815
804
771
653
713
1110
1818
544
884
1805
1270
569
1940
994
1734
599
1930
1659
753
1174
1976
1241
1064
1000
1546
1583
1218
1428
1550
1779
1156
1325
1820
1617
611
1084
1514
1598
1469
761
1957
821
1765
1723
1809
631
1164
645
1359
1510
1567
590
1316
1990
1507
751
1289
777
887
1194
536
524
689
1619
625
1704
511
1552
1279
1552
574
1264
1985
1728
1806
1635
1131
843
1205
1317
1449
1468
1298
685
1217
1209
801
1961
1502
1002
1088
570
1393
676
550
1565
1968
1953
1718
1286
501
1198
1585
1419
1354
876
1550
1874
1357
1857
1249
1089
1804
1717
1406
1378
1069
1233
1587
1608
514
1284
616
1822
1945
1803
1369
1138
1788
721
818
1117
1137
1084
1937
558
760
976
1415
1277
1718
608
1364
788
541
984
1320
1248
862
1116
1804
817
1444
1835
618
1941
1299
651
1294
1896
1878
1333
1333
712
1897
650
850
985
798
880
1717
901
765
1422
947
1237
1486
663
604
1162
751
530
1638
770
1860
1484
831
1647
617
1150
532
726
1661
701
1421
740
1391
1031
975
1170
1183
647
1997
1537
934
652
1325
583
783
1540
1951
1195
1391
1797
1921
1585
1092
629
1812
1844
896
1284
1191
610
1116
909
1967
1084
1649
522
548
1202
575
1225
1110
1317
1056
1569
1604
1719
1120
1294
1738
661
787
519
1351
1307
1055
713
1339
1995
1676
1181
961
981
1717
963
1764
1956
1770
976
1376
769
1015
630
1623
1898
1959
1575
869
1493
1863
1481
1416
1931
909
1537
799
1932
1803
1226
1497
1434
622
704
1192
828
763
954
1633
1422
1804
855
1446
864
576
1074
1119
1630
1172
1942
1683
1472
704
1067
742
557
1058
500
532
1212
1959
1288
1885
1999
1131
1196
1950
556
1535
1711
533
866
1650
899
1770
543
1444
1836
1693
726
717
759
794
1952
874
596
1028
1562
1701
1545
1795
1781
1634
595
1876
750
589
1755
1448
1801
1971
1721
1136
1238
1086
1849
1278
1255
1156
872
1582
630
1552
1238
1036
990
1035
777
897
817
899
1006
1214
524
1396
1265
1350
1887
527
683
1153
1929
1464
950
1593
1397
1688
956
1218
835
1129
1184
1691
1241
755
569
1116
1150
1922
1906
1980
1750
1830
786
836
1909
1690
1886
1644
1056
881
1154
1295
1159
1241
1334
750
1428
814
547
1957
1746
824
932
1866
905
933
1117
671
649
1138
1007
561
515
1252
554
1106
1272
1651
1655
1161
973
516
854
859
922
1476
1088
1437
1787
1793
1816
925
1141
1657
1573
609
556
1806
1335
899
1965
741
519
983
1630
1071
683
567
1412
1020
1852
1854
1785
720
559
1746
661
1653
774
1305
731
682
1272
1067
1816
1304
1527
919
509
1011
916
1059
1006
705
1243
1828
1652
1763
1787
959
1931
1890
1864
880
888
1527
1336
1490
946
825
1820
507
834
1278
1961
691
1215
1043
1716
1389
1299
1102
1088
1040
1216
560
1056
1993
794
1959
968
1530
1096
753
1688
1700
1913
1348
1775
1568
1392
1917
1196
764
1916
1772
1216
685
1158
1554
1987
1891
1643
1347
1196
1647
688
1085
1073
1737
1162
667
1993
1546
524
897
702
958
515
1984
1480
907
1834
687
1405
1414
813
1349
588
940
1439
1250
1410
1451
1713
1534
682
1786
990
641
1536
768
1417
1779
990
1343
814
1629
1695
1762
1379
1152
813
1931
838
843
1950
1661
1399
1414
831
1193
1746
526
1199
573
913
930
964
1790
1409
503
605
687
1979
576
1190
824
1474
1832
769
1885
1403
